        GLOBAL Land-Ocean Temperature Index in 0.01 degrees Celsius   base period: 1951-1980

                    sources:  GHCN-v4 1880-09/2026 + SST: ERSST v5 1880-09/2026
                    using elimination of outliers and homogeneity adjustment
                    Notes: 1950 DJF = Dec 1949 - Feb 1950 ;  ***** = missing

                                                                     AnnMean
Year   Jan  Feb  Mar  Apr  May  Jun  Jul  Aug  Sep  Oct  Nov  Dec    J-D D-N    DJF  MAM  JJA  SON  Year
1880   -19  -25   -9  -16  -10  -21  -19  -10  -15  -23  -22  -18    -17 ***   ****  -12  -17  -20  1880
1881   -20  -14    3    5    6  -19    0   -3  -15  -22  -19   -7     -9 -10    -17    5   -7  -18  1881
1882    16   13    4  -16  -14  -22  -16   -8  -15  -23  -17  -36    -11  -9      7   -9  -16  -18  1882
1883   -29  -37  -12  -18  -18   -7   -8  -14  -22  -11  -24  -11    -18 -20    -34  -16  -10  -19  1883
1884   -13   -8  -36  -40  -33  -35  -30  -28  -27  -25  -33  -31    -28 -27    -11  -36  -31  -28  1884
1885   -58  -34  -27  -42  -45  -44  -34  -31  -28  -23  -24  -10    -33 -35    -41  -38  -36  -25  1885
1886   -44  -51  -43  -28  -24  -35  -18  -30  -23  -27  -28  -25    -31 -30    -35  -32  -28  -26  1886
1887   -72  -57  -35  -35  -30  -25  -26  -35  -25  -35  -26  -33    -36 -35    -51  -33  -29  -29  1887
1888   -34  -36  -42  -21  -22  -17  -11  -16  -12    1    2   -4    -18 -20    -35  -28  -14   -3  1888
1889    -9   16    6    9   -1  -10   -8  -20  -24  -25  -34  -29    -11  -9      1    5  -13  -28  1889
1890   -42  -45  -40  -30  -39  -25  -28  -39  -37  -25  -44  -32    -36 -35    -39  -37  -31  -35  1890
1891   -34  -46  -18  -27  -16  -21  -18  -17  -15  -22  -31   -4    -22 -25    -37  -21  -19  -23  1891
1892   -29  -12  -40  -33  -23  -22  -31  -27  -16  -13  -42  -39    -27 -24    -15  -32  -27  -24  1892
1893   -81  -56  -22  -27  -34  -25  -14  -25  -22  -18  -18  -32    -31 -32    -58  -28  -21  -19  1893
1894   -52  -29  -23  -45  -31  -40  -24  -24  -27  -22  -26  -21    -30 -31    -38  -33  -29  -25  1894
1895   -41  -42  -32  -22  -27  -21  -17  -17  -12  -10  -17  -14    -23 -23    -35  -27  -18  -13  1895
1896   -22  -12  -26  -30  -16  -11   -2   -5   -7    6   -4   -5    -11 -12    -16  -24   -6   -2  1896
1897   -15  -17  -13   -2   -2  -12   -3   -9   -8  -13  -18  -21    -11 -10    -12   -6   -8  -13  1897
1898    -3  -30  -51  -30  -30  -19  -22  -27  -21  -35  -38  -24    -28 -27    -18  -37  -23  -31  1898
1899   -17  -38  -37  -20  -23  -32  -16   -8   -4   -4   12  -26    -18 -18    -26  -27  -19    1  1899
1900   -36   -6    0   -9   -9  -10  -13   -9   -5   10   -7   -7     -8 -10    -23   -6  -11   -1  1900

Year   Jan  Feb  Mar  Apr  May  Jun  Jul  Aug  Sep  Oct  Nov  Dec    J-D D-N    DJF  MAM  JJA  SON  Year
1901   -23  -10    6   -3  -15  -12  -14  -20  -22  -29  -17  -27    -16 -14    -14   -4  -15  -22  1901
1902   -17   -8  -27  -27  -32  -32  -28  -30  -29  -30  -37  -42    -28 -27    -18  -28  -30  -32  1902
1903   -24   -6  -23  -41  -40  -43  -35  -45  -49  -46  -42  -51    -37 -36    -24  -35  -41  -46  1903
1904   -63  -58  -50  -51  -52  -48  -51  -49  -55  -39  -18  -33    -47 -49    -58  -51  -49  -37  1904
1905   -34  -59  -21  -33  -29  -28  -26  -20  -18  -23   -6  -13    -26 -28    -42  -27  -25  -16  1905
1906   -27  -29  -18   -4  -25  -19  -23  -19  -27  -19  -37  -14    -22 -22    -23  -16  -20  -28  1906
1907   -42  -50  -27  -36  -45  -41  -34  -34  -33  -22  -46  -47    -38 -35    -36  -36  -36  -34  1907
1908   -44  -32  -55  -44  -37  -37  -35  -45  -35  -43  -51  -49    -42 -42    -41  -45  -39  -43  1908
1909   -73  -45  -54  -58  -54  -52  -45  -33  -38  -39  -32  -56    -48 -48    -56  -56  -43  -36  1909
1910   -43  -42  -50  -42  -34  -38  -34  -36  -38  -40  -57  -67    -44 -43    -47  -42  -36  -45  1910
1911   -62  -58  -60  -54  -52  -51  -42  -43  -40  -26  -21  -22    -44 -48    -62  -55  -45  -29  1911
1912   -27  -16  -39  -18  -21  -24  -42  -54  -57  -58  -40  -43    -37 -35    -21  -26  -40  -52  1912
1913   -40  -45  -42  -39  -44  -45  -36  -33  -34  -31  -20   -2    -34 -38    -43  -42  -38  -28  1913
1914     4  -10  -24  -30  -21  -25  -23  -16  -16   -3  -16   -5    -15 -15     -3  -25  -21  -12  1914
1915   -21   -4  -10    6   -5  -22  -12  -21  -19  -24  -13  -21    -14 -13    -10   -3  -19  -19  1915
1916   -13  -15  -28  -31  -35  -49  -37  -28  -36  -33  -46  -81    -36 -31    -16  -31  -38  -38  1916
1917   -56  -62  -64  -55  -55  -43  -25  -22  -22  -44  -34  -67    -46 -47    -67  -58  -30  -33  1917
1918   -47  -35  -26  -44  -43  -36  -31  -31  -17   -5  -11  -30    -30 -33    -50  -38  -33  -11  1918
1919   -20  -23  -21  -13  -28  -36  -29  -33  -24  -19  -41  -42    -27 -26    -24  -21  -32  -28  1919
1920   -24  -27  -11  -24  -26  -35  -30  -26  -21  -26  -26  -46    -27 -26    -31  -20  -30  -24  1920

Year   Jan  Feb  Mar  Apr  May  Jun  Jul  Aug  Sep  Oct  Nov  Dec    J-D D-N    DJF  MAM  JJA  SON  Year
1921    -4  -17  -22  -29  -29  -27  -14  -26  -18   -3  -14  -17    -18 -21    -22  -27  -22  -12  1921
1922   -34  -45  -15  -23  -33  -30  -27  -33  -35  -31  -14  -19    -28 -28    -32  -23  -30  -27  1922
1923   -27  -39  -33  -41  -33  -29  -31  -33  -31  -13   -2   -3    -26 -28    -29  -36  -31  -15  1923
1924   -22  -23   -8  -30  -18  -26  -29  -36  -32  -35  -20  -43    -27 -23    -16  -19  -30  -29  1924
1925   -37  -39  -27  -26  -29  -33  -27  -20  -19  -17    5    7    -22 -26    -40  -27  -27  -10  1925
1926    21    3   12  -13  -23  -26  -27  -13  -14  -11   -6  -29    -11  -8     10   -8  -22  -10  1926
1927   -27  -17  -38  -30  -25  -27  -19  -24  -12    0   -5  -33    -22 -21    -25  -31  -23   -6  1927
1928    -2   -9  -25  -28  -29  -39  -19  -22  -21  -19   -9  -16    -20 -21    -15  -27  -27  -16  1928
1929   -45  -58  -33  -41  -38  -43  -37  -32  -25  -14  -12  -54    -36 -33    -40  -37  -37  -17  1929
1930   -30  -26  -10  -24  -24  -21  -21  -15  -15  -11   18   -5    -15 -19    -37  -19  -19   -3  1930
1931   -10  -20  -10  -23  -19   -8   -3   -3   -6    6   -6   -5     -9  -9    -12  -17   -5   -2  1931
1932    15  -17  -18   -6  -17  -29  -24  -21  -10   -9  -27  -26    -16 -14     -2  -14  -25  -15  1932
1933   -23  -29  -29  -25  -29  -34  -21  -23  -29  -25  -30  -44    -28 -27    -26  -27  -26  -28  1933
1934   -21   -3  -29  -31  -10  -15  -11  -12  -15   -7    3   -3    -13 -16    -23  -23  -12   -6  1934
1935   -34   14  -14  -37  -29  -27  -21  -22  -21   -6  -26  -17    -20 -19     -7  -27  -23  -18  1935
1936   -28  -38  -21  -20  -16  -22  -10  -13   -9   -3    1   -1    -15 -16    -27  -19  -15   -4  1936
1937    -7    3  -20  -16   -6   -5   -4    1    9    8    8   -8     -3  -2     -2  -14   -2    8  1937
1938     8    4   10    6  -10  -17   -9   -6    1   15    7  -12      0   0      1    2  -11    8  1938
1939    -5   -6  -18  -10   -5   -7   -6   -6   -7   -4    7   42     -2  -7     -8  -11   -6   -1  1939
1940    -1    8    9   17   10   11   12    7   15   11   16   31     12  13     17   12   10   14  1940

Year   Jan  Feb  Mar  Apr  May  Jun  Jul  Aug  Sep  Oct  Nov  Dec    J-D D-N    DJF  MAM  JJA  SON  Year
1941    17   30   10   16   16   12   22   14    2   35   22   21     18  19     26   14   16   20  1941
1942    29    2    5    9   11    5    0   -4   -3    1    9   12      6   7     17    8    0    3  1942
1943    -1   17   -4   11    6   -5    8    1    5   23   20   23      9   8      9    5    1   16  1943
1944    36   24   26   19   18   15   17   18   28   26   12    4     20  22     28   21   17   22  1944
1945    10    1    6   19    6    1    4   26   21   19    7   -7      9  10      5   11   10   16  1945
1946    15    3    1    6   -7  -21  -12  -20   -7   -7   -5  -31     -7  -5      4    0  -18   -7  1946
1947    -6   -8    7    6   -2   -2   -5   -7  -12    7    2  -13     -3  -4    -15    4   -4   -1  1947
1948     6  -15  -24  -12   -1   -5  -11  -11  -14   -5  -13  -24    -11 -10     -7  -12   -9  -11  1948
1949     6  -14   -2  -11  -10  -27  -13  -13  -14   -7  -10  -18    -11 -12    -10   -8  -18  -10  1949
1950   -26  -27   -8  -21  -11   -5   -9  -16  -11  -20  -34  -22    -17 -17    -24  -13  -10  -22  1950
1951   -34  -42  -20  -14    0   -7   -1    6    5    8   -1   15     -7 -10    -33  -12   -1    4  1951
1952    11   11   -8    3   -3   -3    4    5    7    0  -13   -2      1   3     13   -3    2   -2  1952
1953     7   15   11   20   12   12    1    5    5    8   -3    5      8   8      7   14    6    3  1953
1954   -24  -10  -15  -14  -20  -19  -19  -17  -10   -2    8  -18    -13 -11    -10  -16  -18   -1  1954
1955    13  -16  -32  -22  -20  -13  -11    2  -11   -5  -25  -28    -14 -13     -7  -25   -7  -14  1955
1956   -13  -24  -21  -28  -29  -15   -9  -25  -19  -23  -15   -6    -19 -21    -22  -26  -17  -19  1956
1957    -9   -3   -5    0    9   15    2   15    9    1    8   15      5   3     -6    1   11    6  1957
1958    39   22    9    2    6   -9    5   -5   -3    4    2    1      6   7     25    5   -3    1  1958
1959     8    7   18   16    4    3    3   -1   -6   -7   -8    0      3   3      5   13    2   -7  1959
1960     0   13  -35  -15   -8   -4   -4    2    7    6  -11   19     -2  -4      4  -19   -2    1  1960

Year   Jan  Feb  Mar  Apr  May  Jun  Jul  Aug  Sep  Oct  Nov  Dec    J-D D-N    DJF  MAM  JJA  SON  Year
1961     7   19    9   13   12   11    1    1    8    0    3  -16      6   9     15   12    4    4  1961
1962     5   15   10    5   -6    3    2   -1    0    1    6   -3      3   2      1    3    1    2  1962
1963    -3   18  -14   -7   -6    5    6   22   17   14   15   -3      5   5      4   -9   11   16  1963
1964    -9  -10  -21  -32  -25   -4   -4  -22  -30  -32  -21  -30    -20 -18     -7  -26  -10  -27  1964
1965    -8  -17  -13  -19  -12   -9  -14   -4  -15   -5   -6   -8    -11 -13    -18  -15   -9   -9  1965
1966   -19   -4    3  -13  -12    1    8   -9   -3  -17   -1   -2     -6  -6    -10   -7    0   -7  1966
1967    -7  -21    5   -5   12   -8    2    1   -6    9   -5   -5     -2  -2    -10    4   -2   -1  1967
1968   -26  -14   20   -6  -14   -9  -13   -9  -19    9   -5  -14     -8  -7    -15    0  -10   -5  1968
1969   -11  -18    1   17   18    3   -4    4    8    9   12   24      5   2    -14   12    1   10  1969
1970     8   22    6    5   -3   -2    2  -10   12    3    2  -12      3   6     18    3   -4    6  1970
1971    -2  -15  -18   -7   -5  -16   -8   -1   -5   -4   -7   -8     -8  -8    -10  -10   -8   -6  1971
1972   -22  -18    3    0   -3    4    1   16    2    8    2   18      1  -1    -16    0    7    4  1972
1973    29   32   29   27   23   19   13    5    9   10    4   -7     16  18     26   26   12    8  1973
1974   -10  -27   -5  -12   -4   -5   -3   10   -8   -6   -8   -8     -7  -7    -14   -7    1   -7  1974
1975    10    8   13    4   16   -1   -1  -17   -2  -11  -17  -17     -1  -1      3   11   -6  -10  1975
1976    -3   -6  -21   -7  -20  -12  -10  -12   -6  -24   -6   11    -10 -12     -9  -16  -11  -12  1976
1977    18   23   24   26   33   27   20   18    2    3   16    3     18  18     17   28   22    7  1977
1978     6   10   19   17    9   -1    4  -14    6    3   13    8      7   6      6   15   -4    7  1978
1979     8  -10   19   15    4   14    4   17   25   26   28   47     16  13      2   13   11   26  1979
1980    30   39   29   30   35   20   22   18   20   13   30   22     26  28     39   31   20   21  1980

Year   Jan  Feb  Mar  Apr  May  Jun  Jul  Aug  Sep  Oct  Nov  Dec    J-D D-N    DJF  MAM  JJA  SON  Year
1981    53   42   48   32   24   29   33   35   15   12   23   41     32  31     39   35   32   16  1981
1982     5   15    3   15   18    6   14    3   14   13   18   43     14  14     20   12    8   15  1982
1983    53   43   42   28   34   23   18   36   37   17   30   17     31  34     46   34   26   28  1983
1984    31   14   26    6   33    2   19   19   21   13    6   -4     16  17     20   21   14   14  1984
1985    22   -4   17   12   15   15    4   17   13   12    5   14     12  10      5   15   12   10  1985
1986    26   37   30   22   21   12   11   16    3   15   10   13     18  18     26   25   13    9  1986
1987    32   43   18   24   26   35   40   25   35   33   29   46     32  29     29   23   33   32  1987
1988    57   44   51   42   44   40   33   39   37   38   12   29     39  40     49   46   38   29  1988
1989    12   30   36   29   17   15   35   33   34   29   20   37     27  27     24   27   28   28  1989
1990    41   44   80   56   46   37   46   34   23   45   46   40     45  45     41   61   39   38  1990
1991    42   50   35   51   34   53   48   39   44   29   30   32     41  41     44   40   47   34  1991
1992    47   40   48   27   31   26    9    8   -1    7    3   22     22  23     40   36   14    3  1992
1993    34   37   36   28   28   23   25   11   11   23    3   18     23  23     31   31   20   13  1993
1994    26    2   29   41   28   43   30   21   31   42   44   39     31  30     15   33   32   39  1994
1995    52   79   46   47   27   43   45   45   33   46   45   26     45  46     57   40   44   41  1995
1996    24   46   33   33   27   26   36   49   25   22   42   37     33  32     32   31   37   30  1996
1997    32   41   52   33   34   55   34   41   52   61   64   59     47  45     37   40   43   59  1997
1998    58   88   63   63   68   77   66   65   42   42   43   55     61  61     68   65   69   42  1998
1999    48   64   33   32   26   36   38   31   39   34   37   41     38  39     56   30   35   37  1999
2000    25   56   55   56   35   40   39   42   39   27   30   28     39  40     40   49   40   32  2000

Year   Jan  Feb  Mar  Apr  May  Jun  Jul  Aug  Sep  Oct  Nov  Dec    J-D D-N    DJF  MAM  JJA  SON  Year
2001    45   44   56   50   57   52   59   47   52   50   72   56     53  51     39   54   53   58  2001
2002    77   79   88   58   64   53   61   53   64   54   59   44     63  64     70   70   56   59  2002
2003    75   58   60   55   60   48   58   63   62   72   53   75     62  59     59   58   56   62  2003
2004    58   73   63   61   37   44   26   44   50   61   73   51     53  55     68   54   38   61  2004
2005    75   60   74   67   63   65   61   59   72   76   74   68     68  66     62   68   62   74  2005
2006    56   74   63   47   48   67   54   72   66   71   74   79     64  63     66   53   64   70  2006
2007   101   70   72   77   69   61   60   60   60   59   59   50     66  69     84   73   60   59  2007
2008    30   38   75   54   50   50   60   44   60   67   69   54     54  54     39   59   51   66  2008
2009    65   53   54   61   65   64   74   68   72   65   80   67     66  64     57   60   68   72  2009
2010    75   84   92   85   75   67   63   66   63   71   81   45     72  74     75   84   66   72  2010
2011    52   48   66   64   53   62   70   74   56   65   59   60     61  60     49   61   69   60  2011
2012    47   49   57   73   78   65   59   65   72   80   78   52     65  65     52   69   63   76  2012
2013    70   61   67   53   60   70   60   70   76   69   83   70     67  66     61   60   67   76  2013
2014    76   55   78   81   86   67   58   83   87   80   67   78     75  74     67   82   69   78  2014
2015    86   91   95   75   80   81   73   80   83  107  106  117     89  86     85   83   78   99  2015
2016   117  136  135  109   96   80   84  101   90   87   91   86    101 104    123  113   89   89  2016
2017   102  112  115   93   91   71   82   87   74   88   87   93     91  91    100  100   80   83  2017
2018    82   84   88   88   81   77   83   78   80  102   83   92     85  85     86   86   79   88  2018
2019    93   95  117  100   86   90   94   95   93  100   99  111     98  96     94  101   93   97  2019
2020   118  123  118  111   99   91   89   86   96   87  108   80    101 103    117  109   89   97  2020

Year   Jan  Feb  Mar  Apr  May  Jun  Jul  Aug  Sep  Oct  Nov  Dec    J-D D-N    DJF  MAM  JJA  SON  Year
2021    81   64   89   76   79   85   92   81   92   98   92   88     85  84     75   81   86   94  2021
2022    91   89  104   83   84   92   94   94   88   97   73   79     89  90     89   90   93   86  2022
2023    87   96  123   98   94  108  119  119  148  134  140  135    117 112     87  105  115  141  2023
2024   125  143  139  132  116  123  120  130  121  134  129  126    128 129    135  129  124  128  2024
2025   137  125  136  124  107  106  102  117  124  118  121  105    118 120    129  122  108  121  2025
2026   108  123  130  116  113  117  124  142  138 **** **** ****   **** ***    112  120  128 ****  2026
Year   Jan  Feb  Mar  Apr  May  Jun  Jul  Aug  Sep  Oct  Nov  Dec    J-D D-N    DJF  MAM  JJA  SON  Year

Divide by 100 to get changes in degrees Celsius (deg-C).
Multiply that result by 1.8(=9/5) to get changes in degrees Fahrenheit (deg-F).

Example      --      Table Value :      40
                          change :    0.40 deg-C  or  0.72 deg-F